400 8
       1,       2,     103,     102,     304,     305,     406,     405
       2,       3,     104,     103,     305,     306,     407,     406
       3,       4,     105,     104,     306,     307,     408,     407
       4,       5,     106,     105,     307,     308,     409,     408
       5,       6,     107,     106,     308,     309,     410,     409
       6,       7,     108,     107,     309,     310,     411,     410
       7,       8,     109,     108,     310,     311,     412,     411
       8,       9,     110,     109,     311,     312,     413,     412
       9,      10,     111,     110,     312,     313,     414,     413
      10,      11,     112,     111,     313,     314,     415,     414
      11,      12,     113,     112,     314,     315,     416,     415
      12,      13,     114,     113,     315,     316,     417,     416
      13,      14,     115,     114,     316,     317,     418,     417
      14,      15,     116,     115,     317,     318,     419,     418
      15,      16,     117,     116,     318,     319,     420,     419
      16,      17,     118,     117,     319,     320,     421,     420
      17,      18,     119,     118,     320,     321,     422,     421
      18,      19,     120,     119,     321,     322,     423,     422
      19,      20,     121,     120,     322,     323,     424,     423
      20,      21,     122,     121,     323,     324,     425,     424
      21,      22,     123,     122,     324,     325,     426,     425
      22,      23,     124,     123,     325,     326,     427,     426
      23,      24,     125,     124,     326,     327,     428,     427
      24,      25,     126,     125,     327,     328,     429,     428
      25,      26,     127,     126,     328,     329,     430,     429
      26,      27,     128,     127,     329,     330,     431,     430
      27,      28,     129,     128,     330,     331,     432,     431
      28,      29,     130,     129,     331,     332,     433,     432
      29,      30,     131,     130,     332,     333,     434,     433
      30,      31,     132,     131,     333,     334,     435,     434
      31,      32,     133,     132,     334,     335,     436,     435
      32,      33,     134,     133,     335,     336,     437,     436
      33,      34,     135,     134,     336,     337,     438,     437
      34,      35,     136,     135,     337,     338,     439,     438
      35,      36,     137,     136,     338,     339,     440,     439
      36,      37,     138,     137,     339,     340,     441,     440
      37,      38,     139,     138,     340,     341,     442,     441
      38,      39,     140,     139,     341,     342,     443,     442
      39,      40,     141,     140,     342,     343,     444,     443
      40,      41,     142,     141,     343,     344,     445,     444
      41,      42,     143,     142,     344,     345,     446,     445
      42,      43,     144,     143,     345,     346,     447,     446
      43,      44,     145,     144,     346,     347,     448,     447
      44,      45,     146,     145,     347,     348,     449,     448
      45,      46,     147,     146,     348,     349,     450,     449
      46,      47,     148,     147,     349,     350,     451,     450
      47,      48,     149,     148,     350,     351,     452,     451
      48,      49,     150,     149,     351,     352,     453,     452
      49,      50,     151,     150,     352,     353,     454,     453
      50,      51,     152,     151,     353,     354,     455,     454
      51,      52,     153,     152,     354,     355,     456,     455
      52,      53,     154,     153,     355,     356,     457,     456
      53,      54,     155,     154,     356,     357,     458,     457
      54,      55,     156,     155,     357,     358,     459,     458
      55,      56,     157,     156,     358,     359,     460,     459
      56,      57,     158,     157,     359,     360,     461,     460
      57,      58,     159,     158,     360,     361,     462,     461
      58,      59,     160,     159,     361,     362,     463,     462
      59,      60,     161,     160,     362,     363,     464,     463
      60,      61,     162,     161,     363,     364,     465,     464
      61,      62,     163,     162,     364,     365,     466,     465
      62,      63,     164,     163,     365,     366,     467,     466
      63,      64,     165,     164,     366,     367,     468,     467
      64,      65,     166,     165,     367,     368,     469,     468
      65,      66,     167,     166,     368,     369,     470,     469
      66,      67,     168,     167,     369,     370,     471,     470
      67,      68,     169,     168,     370,     371,     472,     471
      68,      69,     170,     169,     371,     372,     473,     472
      69,      70,     171,     170,     372,     373,     474,     473
      70,      71,     172,     171,     373,     374,     475,     474
      71,      72,     173,     172,     374,     375,     476,     475
      72,      73,     174,     173,     375,     376,     477,     476
      73,      74,     175,     174,     376,     377,     478,     477
      74,      75,     176,     175,     377,     378,     479,     478
      75,      76,     177,     176,     378,     379,     480,     479
      76,      77,     178,     177,     379,     380,     481,     480
      77,      78,     179,     178,     380,     381,     482,     481
      78,      79,     180,     179,     381,     382,     483,     482
      79,      80,     181,     180,     382,     383,     484,     483
      80,      81,     182,     181,     383,     384,     485,     484
      81,      82,     183,     182,     384,     385,     486,     485
      82,      83,     184,     183,     385,     386,     487,     486
      83,      84,     185,     184,     386,     387,     488,     487
      84,      85,     186,     185,     387,     388,     489,     488
      85,      86,     187,     186,     388,     389,     490,     489
      86,      87,     188,     187,     389,     390,     491,     490
      87,      88,     189,     188,     390,     391,     492,     491
      88,      89,     190,     189,     391,     392,     493,     492
      89,      90,     191,     190,     392,     393,     494,     493
      90,      91,     192,     191,     393,     394,     495,     494
      91,      92,     193,     192,     394,     395,     496,     495
      92,      93,     194,     193,     395,     396,     497,     496
      93,      94,     195,     194,     396,     397,     498,     497
      94,      95,     196,     195,     397,     398,     499,     498
      95,      96,     197,     196,     398,     399,     500,     499
      96,      97,     198,     197,     399,     400,     501,     500
      97,      98,     199,     198,     400,     401,     502,     501
      98,      99,     200,     199,     401,     402,     503,     502
      99,     100,     201,     200,     402,     403,     504,     503
     100,     101,     202,     201,     403,     404,     505,     504
     102,     103,     204,     203,     405,     406,     507,     506
     103,     104,     205,     204,     406,     407,     508,     507
     104,     105,     206,     205,     407,     408,     509,     508
     105,     106,     207,     206,     408,     409,     510,     509
     106,     107,     208,     207,     409,     410,     511,     510
     107,     108,     209,     208,     410,     411,     512,     511
     108,     109,     210,     209,     411,     412,     513,     512
     109,     110,     211,     210,     412,     413,     514,     513
     110,     111,     212,     211,     413,     414,     515,     514
     111,     112,     213,     212,     414,     415,     516,     515
     112,     113,     214,     213,     415,     416,     517,     516
     113,     114,     215,     214,     416,     417,     518,     517
     114,     115,     216,     215,     417,     418,     519,     518
     115,     116,     217,     216,     418,     419,     520,     519
     116,     117,     218,     217,     419,     420,     521,     520
     117,     118,     219,     218,     420,     421,     522,     521
     118,     119,     220,     219,     421,     422,     523,     522
     119,     120,     221,     220,     422,     423,     524,     523
     120,     121,     222,     221,     423,     424,     525,     524
     121,     122,     223,     222,     424,     425,     526,     525
     122,     123,     224,     223,     425,     426,     527,     526
     123,     124,     225,     224,     426,     427,     528,     527
     124,     125,     226,     225,     427,     428,     529,     528
     125,     126,     227,     226,     428,     429,     530,     529
     126,     127,     228,     227,     429,     430,     531,     530
     127,     128,     229,     228,     430,     431,     532,     531
     128,     129,     230,     229,     431,     432,     533,     532
     129,     130,     231,     230,     432,     433,     534,     533
     130,     131,     232,     231,     433,     434,     535,     534
     131,     132,     233,     232,     434,     435,     536,     535
     132,     133,     234,     233,     435,     436,     537,     536
     133,     134,     235,     234,     436,     437,     538,     537
     134,     135,     236,     235,     437,     438,     539,     538
     135,     136,     237,     236,     438,     439,     540,     539
     136,     137,     238,     237,     439,     440,     541,     540
     137,     138,     239,     238,     440,     441,     542,     541
     138,     139,     240,     239,     441,     442,     543,     542
     139,     140,     241,     240,     442,     443,     544,     543
     140,     141,     242,     241,     443,     444,     545,     544
     141,     142,     243,     242,     444,     445,     546,     545
     142,     143,     244,     243,     445,     446,     547,     546
     143,     144,     245,     244,     446,     447,     548,     547
     144,     145,     246,     245,     447,     448,     549,     548
     145,     146,     247,     246,     448,     449,     550,     549
     146,     147,     248,     247,     449,     450,     551,     550
     147,     148,     249,     248,     450,     451,     552,     551
     148,     149,     250,     249,     451,     452,     553,     552
     149,     150,     251,     250,     452,     453,     554,     553
     150,     151,     252,     251,     453,     454,     555,     554
     151,     152,     253,     252,     454,     455,     556,     555
     152,     153,     254,     253,     455,     456,     557,     556
     153,     154,     255,     254,     456,     457,     558,     557
     154,     155,     256,     255,     457,     458,     559,     558
     155,     156,     257,     256,     458,     459,     560,     559
     156,     157,     258,     257,     459,     460,     561,     560
     157,     158,     259,     258,     460,     461,     562,     561
     158,     159,     260,     259,     461,     462,     563,     562
     159,     160,     261,     260,     462,     463,     564,     563
     160,     161,     262,     261,     463,     464,     565,     564
     161,     162,     263,     262,     464,     465,     566,     565
     162,     163,     264,     263,     465,     466,     567,     566
     163,     164,     265,     264,     466,     467,     568,     567
     164,     165,     266,     265,     467,     468,     569,     568
     165,     166,     267,     266,     468,     469,     570,     569
     166,     167,     268,     267,     469,     470,     571,     570
     167,     168,     269,     268,     470,     471,     572,     571
     168,     169,     270,     269,     471,     472,     573,     572
     169,     170,     271,     270,     472,     473,     574,     573
     170,     171,     272,     271,     473,     474,     575,     574
     171,     172,     273,     272,     474,     475,     576,     575
     172,     173,     274,     273,     475,     476,     577,     576
     173,     174,     275,     274,     476,     477,     578,     577
     174,     175,     276,     275,     477,     478,     579,     578
     175,     176,     277,     276,     478,     479,     580,     579
     176,     177,     278,     277,     479,     480,     581,     580
     177,     178,     279,     278,     480,     481,     582,     581
     178,     179,     280,     279,     481,     482,     583,     582
     179,     180,     281,     280,     482,     483,     584,     583
     180,     181,     282,     281,     483,     484,     585,     584
     181,     182,     283,     282,     484,     485,     586,     585
     182,     183,     284,     283,     485,     486,     587,     586
     183,     184,     285,     284,     486,     487,     588,     587
     184,     185,     286,     285,     487,     488,     589,     588
     185,     186,     287,     286,     488,     489,     590,     589
     186,     187,     288,     287,     489,     490,     591,     590
     187,     188,     289,     288,     490,     491,     592,     591
     188,     189,     290,     289,     491,     492,     593,     592
     189,     190,     291,     290,     492,     493,     594,     593
     190,     191,     292,     291,     493,     494,     595,     594
     191,     192,     293,     292,     494,     495,     596,     595
     192,     193,     294,     293,     495,     496,     597,     596
     193,     194,     295,     294,     496,     497,     598,     597
     194,     195,     296,     295,     497,     498,     599,     598
     195,     196,     297,     296,     498,     499,     600,     599
     196,     197,     298,     297,     499,     500,     601,     600
     197,     198,     299,     298,     500,     501,     602,     601
     198,     199,     300,     299,     501,     502,     603,     602
     199,     200,     301,     300,     502,     503,     604,     603
     200,     201,     302,     301,     503,     504,     605,     604
     201,     202,     303,     302,     504,     505,     606,     605
     304,     305,     406,     405,     607,     608,     709,     708
     305,     306,     407,     406,     608,     609,     710,     709
     306,     307,     408,     407,     609,     610,     711,     710
     307,     308,     409,     408,     610,     611,     712,     711
     308,     309,     410,     409,     611,     612,     713,     712
     309,     310,     411,     410,     612,     613,     714,     713
     310,     311,     412,     411,     613,     614,     715,     714
     311,     312,     413,     412,     614,     615,     716,     715
     312,     313,     414,     413,     615,     616,     717,     716
     313,     314,     415,     414,     616,     617,     718,     717
     314,     315,     416,     415,     617,     618,     719,     718
     315,     316,     417,     416,     618,     619,     720,     719
     316,     317,     418,     417,     619,     620,     721,     720
     317,     318,     419,     418,     620,     621,     722,     721
     318,     319,     420,     419,     621,     622,     723,     722
     319,     320,     421,     420,     622,     623,     724,     723
     320,     321,     422,     421,     623,     624,     725,     724
     321,     322,     423,     422,     624,     625,     726,     725
     322,     323,     424,     423,     625,     626,     727,     726
     323,     324,     425,     424,     626,     627,     728,     727
     324,     325,     426,     425,     627,     628,     729,     728
     325,     326,     427,     426,     628,     629,     730,     729
     326,     327,     428,     427,     629,     630,     731,     730
     327,     328,     429,     428,     630,     631,     732,     731
     328,     329,     430,     429,     631,     632,     733,     732
     329,     330,     431,     430,     632,     633,     734,     733
     330,     331,     432,     431,     633,     634,     735,     734
     331,     332,     433,     432,     634,     635,     736,     735
     332,     333,     434,     433,     635,     636,     737,     736
     333,     334,     435,     434,     636,     637,     738,     737
     334,     335,     436,     435,     637,     638,     739,     738
     335,     336,     437,     436,     638,     639,     740,     739
     336,     337,     438,     437,     639,     640,     741,     740
     337,     338,     439,     438,     640,     641,     742,     741
     338,     339,     440,     439,     641,     642,     743,     742
     339,     340,     441,     440,     642,     643,     744,     743
     340,     341,     442,     441,     643,     644,     745,     744
     341,     342,     443,     442,     644,     645,     746,     745
     342,     343,     444,     443,     645,     646,     747,     746
     343,     344,     445,     444,     646,     647,     748,     747
     344,     345,     446,     445,     647,     648,     749,     748
     345,     346,     447,     446,     648,     649,     750,     749
     346,     347,     448,     447,     649,     650,     751,     750
     347,     348,     449,     448,     650,     651,     752,     751
     348,     349,     450,     449,     651,     652,     753,     752
     349,     350,     451,     450,     652,     653,     754,     753
     350,     351,     452,     451,     653,     654,     755,     754
     351,     352,     453,     452,     654,     655,     756,     755
     352,     353,     454,     453,     655,     656,     757,     756
     353,     354,     455,     454,     656,     657,     758,     757
     354,     355,     456,     455,     657,     658,     759,     758
     355,     356,     457,     456,     658,     659,     760,     759
     356,     357,     458,     457,     659,     660,     761,     760
     357,     358,     459,     458,     660,     661,     762,     761
     358,     359,     460,     459,     661,     662,     763,     762
     359,     360,     461,     460,     662,     663,     764,     763
     360,     361,     462,     461,     663,     664,     765,     764
     361,     362,     463,     462,     664,     665,     766,     765
     362,     363,     464,     463,     665,     666,     767,     766
     363,     364,     465,     464,     666,     667,     768,     767
     364,     365,     466,     465,     667,     668,     769,     768
     365,     366,     467,     466,     668,     669,     770,     769
     366,     367,     468,     467,     669,     670,     771,     770
     367,     368,     469,     468,     670,     671,     772,     771
     368,     369,     470,     469,     671,     672,     773,     772
     369,     370,     471,     470,     672,     673,     774,     773
     370,     371,     472,     471,     673,     674,     775,     774
     371,     372,     473,     472,     674,     675,     776,     775
     372,     373,     474,     473,     675,     676,     777,     776
     373,     374,     475,     474,     676,     677,     778,     777
     374,     375,     476,     475,     677,     678,     779,     778
     375,     376,     477,     476,     678,     679,     780,     779
     376,     377,     478,     477,     679,     680,     781,     780
     377,     378,     479,     478,     680,     681,     782,     781
     378,     379,     480,     479,     681,     682,     783,     782
     379,     380,     481,     480,     682,     683,     784,     783
     380,     381,     482,     481,     683,     684,     785,     784
     381,     382,     483,     482,     684,     685,     786,     785
     382,     383,     484,     483,     685,     686,     787,     786
     383,     384,     485,     484,     686,     687,     788,     787
     384,     385,     486,     485,     687,     688,     789,     788
     385,     386,     487,     486,     688,     689,     790,     789
     386,     387,     488,     487,     689,     690,     791,     790
     387,     388,     489,     488,     690,     691,     792,     791
     388,     389,     490,     489,     691,     692,     793,     792
     389,     390,     491,     490,     692,     693,     794,     793
     390,     391,     492,     491,     693,     694,     795,     794
     391,     392,     493,     492,     694,     695,     796,     795
     392,     393,     494,     493,     695,     696,     797,     796
     393,     394,     495,     494,     696,     697,     798,     797
     394,     395,     496,     495,     697,     698,     799,     798
     395,     396,     497,     496,     698,     699,     800,     799
     396,     397,     498,     497,     699,     700,     801,     800
     397,     398,     499,     498,     700,     701,     802,     801
     398,     399,     500,     499,     701,     702,     803,     802
     399,     400,     501,     500,     702,     703,     804,     803
     400,     401,     502,     501,     703,     704,     805,     804
     401,     402,     503,     502,     704,     705,     806,     805
     402,     403,     504,     503,     705,     706,     807,     806
     403,     404,     505,     504,     706,     707,     808,     807
     405,     406,     507,     506,     708,     709,     810,     809
     406,     407,     508,     507,     709,     710,     811,     810
     407,     408,     509,     508,     710,     711,     812,     811
     408,     409,     510,     509,     711,     712,     813,     812
     409,     410,     511,     510,     712,     713,     814,     813
     410,     411,     512,     511,     713,     714,     815,     814
     411,     412,     513,     512,     714,     715,     816,     815
     412,     413,     514,     513,     715,     716,     817,     816
     413,     414,     515,     514,     716,     717,     818,     817
     414,     415,     516,     515,     717,     718,     819,     818
     415,     416,     517,     516,     718,     719,     820,     819
     416,     417,     518,     517,     719,     720,     821,     820
     417,     418,     519,     518,     720,     721,     822,     821
     418,     419,     520,     519,     721,     722,     823,     822
     419,     420,     521,     520,     722,     723,     824,     823
     420,     421,     522,     521,     723,     724,     825,     824
     421,     422,     523,     522,     724,     725,     826,     825
     422,     423,     524,     523,     725,     726,     827,     826
     423,     424,     525,     524,     726,     727,     828,     827
     424,     425,     526,     525,     727,     728,     829,     828
     425,     426,     527,     526,     728,     729,     830,     829
     426,     427,     528,     527,     729,     730,     831,     830
     427,     428,     529,     528,     730,     731,     832,     831
     428,     429,     530,     529,     731,     732,     833,     832
     429,     430,     531,     530,     732,     733,     834,     833
     430,     431,     532,     531,     733,     734,     835,     834
     431,     432,     533,     532,     734,     735,     836,     835
     432,     433,     534,     533,     735,     736,     837,     836
     433,     434,     535,     534,     736,     737,     838,     837
     434,     435,     536,     535,     737,     738,     839,     838
     435,     436,     537,     536,     738,     739,     840,     839
     436,     437,     538,     537,     739,     740,     841,     840
     437,     438,     539,     538,     740,     741,     842,     841
     438,     439,     540,     539,     741,     742,     843,     842
     439,     440,     541,     540,     742,     743,     844,     843
     440,     441,     542,     541,     743,     744,     845,     844
     441,     442,     543,     542,     744,     745,     846,     845
     442,     443,     544,     543,     745,     746,     847,     846
     443,     444,     545,     544,     746,     747,     848,     847
     444,     445,     546,     545,     747,     748,     849,     848
     445,     446,     547,     546,     748,     749,     850,     849
     446,     447,     548,     547,     749,     750,     851,     850
     447,     448,     549,     548,     750,     751,     852,     851
     448,     449,     550,     549,     751,     752,     853,     852
     449,     450,     551,     550,     752,     753,     854,     853
     450,     451,     552,     551,     753,     754,     855,     854
     451,     452,     553,     552,     754,     755,     856,     855
     452,     453,     554,     553,     755,     756,     857,     856
     453,     454,     555,     554,     756,     757,     858,     857
     454,     455,     556,     555,     757,     758,     859,     858
     455,     456,     557,     556,     758,     759,     860,     859
     456,     457,     558,     557,     759,     760,     861,     860
     457,     458,     559,     558,     760,     761,     862,     861
     458,     459,     560,     559,     761,     762,     863,     862
     459,     460,     561,     560,     762,     763,     864,     863
     460,     461,     562,     561,     763,     764,     865,     864
     461,     462,     563,     562,     764,     765,     866,     865
     462,     463,     564,     563,     765,     766,     867,     866
     463,     464,     565,     564,     766,     767,     868,     867
     464,     465,     566,     565,     767,     768,     869,     868
     465,     466,     567,     566,     768,     769,     870,     869
     466,     467,     568,     567,     769,     770,     871,     870
     467,     468,     569,     568,     770,     771,     872,     871
     468,     469,     570,     569,     771,     772,     873,     872
     469,     470,     571,     570,     772,     773,     874,     873
     470,     471,     572,     571,     773,     774,     875,     874
     471,     472,     573,     572,     774,     775,     876,     875
     472,     473,     574,     573,     775,     776,     877,     876
     473,     474,     575,     574,     776,     777,     878,     877
     474,     475,     576,     575,     777,     778,     879,     878
     475,     476,     577,     576,     778,     779,     880,     879
     476,     477,     578,     577,     779,     780,     881,     880
     477,     478,     579,     578,     780,     781,     882,     881
     478,     479,     580,     579,     781,     782,     883,     882
     479,     480,     581,     580,     782,     783,     884,     883
     480,     481,     582,     581,     783,     784,     885,     884
     481,     482,     583,     582,     784,     785,     886,     885
     482,     483,     584,     583,     785,     786,     887,     886
     483,     484,     585,     584,     786,     787,     888,     887
     484,     485,     586,     585,     787,     788,     889,     888
     485,     486,     587,     586,     788,     789,     890,     889
     486,     487,     588,     587,     789,     790,     891,     890
     487,     488,     589,     588,     790,     791,     892,     891
     488,     489,     590,     589,     791,     792,     893,     892
     489,     490,     591,     590,     792,     793,     894,     893
     490,     491,     592,     591,     793,     794,     895,     894
     491,     492,     593,     592,     794,     795,     896,     895
     492,     493,     594,     593,     795,     796,     897,     896
     493,     494,     595,     594,     796,     797,     898,     897
     494,     495,     596,     595,     797,     798,     899,     898
     495,     496,     597,     596,     798,     799,     900,     899
     496,     497,     598,     597,     799,     800,     901,     900
     497,     498,     599,     598,     800,     801,     902,     901
     498,     499,     600,     599,     801,     802,     903,     902
     499,     500,     601,     600,     802,     803,     904,     903
     500,     501,     602,     601,     803,     804,     905,     904
     501,     502,     603,     602,     804,     805,     906,     905
     502,     503,     604,     603,     805,     806,     907,     906
     503,     504,     605,     604,     806,     807,     908,     907
     504,     505,     606,     605,     807,     808,     909,     908
